19
17
16
33
33
32
32
32
32
31
31
31
32
33
33
33
34
34
34
35
26
35
36
36
28
28
32
35
39
39
38
38
39
39
39
39
39
40
38
38
27
27
25
26
30
29
31
30
31
31
31
30
31
31
31
32
31
31
31
31
32
29
29
36
35
28
26
24
25
28
28
29
29
30
30
29
30
30
30
31
31
31
29
28
26
26
25
27
23
23
23
26
34
36
36
37
36
35
35
36
36
35
35
35
35
45
36
32
28
24
25
25
26
29
32
34
35
37
37
36
36
36
36
36
36
37
36
36
35
37
35
27
27
25
26
23
17
14
8
8
9
19
23
25
24
24
25
24
25
25
26
26
27
26
19
23
18
12
11
11
9
10
10
14
15
24
26
26
26
24
23
24
25
25
24
25
26
27
26
24
24
27
25
26
26
25
24
27
29
30
30
30
31
30
30
31
32
32
32
32
33
36
36
34
34
33
30
31
31
30
30
30
34
35
39
39
38
38
38
38
38
38
38
38
35
35
41
43
39
38
35
31
31
36
42
42
43
45
46
46
45
44
43
43
42
42
42
42
42
42
42
42
38
38
37
36
32
35
36
41
42
42
40
39
38
38
37
36
35
35
35
35
38
31
29
24
21
19
16
12
10
10
10
16
21
23
25
26
24
25
26
26
26
26
28
27
29
26
26
25
23
23
24
23
25
27
26
28
32
33
34
34
34
34
34
35
34
34
34
35
39
35
34
32
25
25
26
21
19
15
13
16
25
26
27
27
27
25
27
26
27
27
28
28
31
26
26
26
25
21
21
25
24
22
24
24
21
25
25
26
26
26
26
27
32
32
31
30
35
35
31
27
26
27
26
26
27
34
35
35
35
35
35
35
35
34
34
35
35
35
35
35
35
34
35
36
37
36
43
45
36
36
33
44
46
47
48
49
46
46
47
46
45
44
43
42
41
40
39
36
42
42
38
39
38
37
44
44
44
43
43
43
42
42
42
42
42
42
42
42
61
50
49
52
50
50
48
44
44
30
29
27
29
27
26
33
33
50
49
55
43
43
42
45
46
50
50
50
45
40
42
42
42
45
47
48
50
50
54
59
62
67
70
72
74
74
75
74
74
76
78
75
71
71
66
65
65
82
92
93
92
92
92
92
92
92
92
92
92
92
92
92
92
91
92
92
93
93
93
70
51
70
69
66
63
77
76
92
92
93
92
92
92
91
91
91
91
91
92
93
93
93
93
93
95
95
95
95
94
93
93
93
93
93
93
93
93
92
92
92
91
86
85
72
46
45
47
47
47
47
46
48
47
49
53
54
54
57
63
63
67
76
82
85
79
64
63
61
50
47
40
38
36
40
39
40
39
38
48
54
61
69
74
81
83
84
84
86
77
67
65
65
58
58
58
57
56
55
48
48
55
55
61
65
69
73
77
79
84
87
90
90
90
91
91
91
91
92
85
79
74
72
70
70
65
66
53
68
77
84
84
87
89
89
88
89
91
92
93
89
90
87
81
89
90
93
93
93
93
93
93
93
93
93
93
93
93
93
93
93
93
93
93
93
93
93
60
68
63
63
59
59
58
62
66
66
57
59
60
62
64
61
73
74
74
76
56
56
48
47
50
48
47
52
52
51
51
61
61
74
69
69
65
61
60
53
53
54
52
49
49
53
67
74
83
83
81
84
88
88
88
85
69
69
48
40
43
44
44
44
44
43
43
46
51
56
64
65
74
84
86
84
85
83
87
82
73
66
57
47
41
41
40
38
32
33
28
30
30
39
51
56
58
62
61
58
58
62
75
75
70
70
55
60
50
46
48
46
40
40
47
54
62
62
63
63
65
70
85
91
91
91
91
91
91
91
91
92
92
93
94
86
84
93
93
92
78
78
71
68
68
67
69
69
73
78
83
54
53
42
41
30
28
26
25
25
25
25
29
25
26
25
28
28
30
45
60
86
91
90
91
88
90
91
91
91
91
79
68
60
63
64
67
66
70
69
64
66
70
71
73
78
85
88
88
88
88
51
43
31
36
36
36
40
50
46
56
58
67
73
91
91
91
91
91
91
91
91
91
91
91
92
83
72
64
65
64
60
60
59
64
63
64
93
93
93
92
92
90
90
86
86
85
90
91
91
91
91
91
91
92
90
90
90
92
92
92
92
92
92
92
92
92
92
92
92
92
92
92
92
93
92
92
85
80
77
71
84
93
91
90
94
94
93
93
93
93
93
93
93
92
92
91
91
91
91
92
92
92
93
93
94
94
93
93
93
93
93
93
93
93
92
92
92
92
92
92
92
92
93
94
95
95
95
95
95
95
95
94
93
93
93
93
93
93
93
93
93
93
93
92
92
92
92
92
92
92
92
91
92
91
91
91
91
91
91
91
91
91
91
91
91
91
91
91
92
93
86
83
84
79
80
84
84
82
84
83
93
93
92
92
92
92
92
92
91
91
92
92
93
93
89
82
72
75
84
84
81
85
85
89
93
93
93
93
93
93
93
93
92
92
93
93
93
93
93
93
93
93
93
93
93
93
93
93
93
92
92
92
92
92
92
92
92
92
92
92
92
92
92
93
93
93
93
93
94
94
94
93
93
93
93
93
93
92
92
92
92
92
93
93
93
93
93
95
86
89
84
83
94
95
95
94
94
93
93
93
93
93
93
93
93
92
92
92
92
92
92
81
80
93
91
84
89
89
93
92
91
91
91
91
91
91
91
91
90
90
89
89
89
89
89
89
90
90
90
90
89
88
89
88
88
88
88
88
88
88
88
88
88
88
88
88
88
88
88
88
89
89
89
90
91
90
90
90
90
90
89
89
89
89
88
88
88
88
88
88
89
91
92
92
91
88
91
91
89
88
91
90
90
89
88
88
88
88
88
88
88
88
88
88
90
92
76
63
61
65
54
54
59
65
63
57
65
81
84
91
86
91
91
91
91
91
91
91
93
93
85
75
73
66
75
67
64
53
57
74
89
93
93
92
92
92
91
91
91
91
92
92
93
94
93
95
83
75
75
83
78
79
85
86
95
95
95
94
94
93
93
93
93
93
93
93
93
95
91
88
90
88
92
91
88
90
91
95
95
95
95
94
93
93
93
93
92
92
93
93
95
95
95
94
95
95
95
95
95
95
95
95
95
95
95
95
95
95
95
95
95
95
95
95
95
82
81
68
63
69
70
69
71
69
79
76
53
53
60
59
66
69
73
78
89
87
86
72
67
64
57
52
54
53
48
52
50
49
48
53
52
79
79
81
79
80
79
78
89
90
90
87
51
52
39
39
39
52
53
41
39
47
50
65
65
84
84
89
89
92
89
92
92
92
92
92
91
89
85
85
84
86
87
90
95
95
95
95
95
95
95
95
94
94
95
93
93
93
94
87
79
71
57
56
53
50
53
52
49
48
52
54
59
64
77
91
91
93
88
88
93
93
92
92
93
92
89
90
90
89
91
91
88
89
92
95
95
94
94
94
93
93
93
93
93
93
93
93
95
95
95
93
94
93
95
92
95
94
92
95
95
95
95
94
94
94
94
94
93
93
93
93
95
95
95
95
93
93
88
81
82
91
90
95
95
95
94
93
93
93
93
93
93
93
93
94
94
95
95
95
95
95
95
95
95
95
95
95
95
95
95
92
95
95
95
94
93
93
93
95
95
95
90
88
89
84
81
76
88
84
95
95
95
95
95
94
94
95
95
95
95
94
94
94
95
95
95
95
95
95
95
95
95
95
95
95
95
95
95
94
94
93
93
93
93
93
93
95
95
95
84
83
87
85
85
86
74
78
76
91
95
95
95
94
93
93
93
93
93
93
93
93
94
90
91
75
72
72
72
66
64
73
72
74
70
95
95
95
94
93
93
93
93
93
93
93
95
95
95
93
78
92
83
94
95
95
95
95
94
93
93
93
92
92
91
91
92
82
84
65
66
58
39
39
43
36
34
43
37
44
65
78
78
88
91
91
91
90
90
91
92
63
52
45
40
53
47
44
45
45
51
58
72
75
75
92
88
91
92
93
93
93
92
93
93
95
95
87
95
95
95
95
95
95
95
95
95
95
95
95
95
95
95
95
95
94
95
95
95
95
95
95
95
95
92
95
95
95
95
95
95
95
95
95
95
95
94
94
94
94
94
95
95
95
91
79
80
81
81
76
87
81
82
95
95
95
95
95
95
94
93
93
93
93
93
94
95
95
95
95
91
84
80
74
75
66
74
78
86
94
92
92
95
94
93
93
93
93
93
93
94
95
91
78
70
61
56
64
78
89
90
90
93
93
93
94
93
93
92
92
92
92
92
93
93
93
93
94
94
94
95
95
95
95
95
95
95
95
95
95
95
95
93
93
93
93
93
93
93
93
78
78
73
72
76
58
51
51
51
63
81
93
93
93
93
93
92
92
92
92
92
92
93
92
91
84
79
79
73
70
77
78
74
78
94
94
93
93
93
93
93
93
93
92
92
92
92
92
92
93
93
93
93
95
95
95
92
92
93
92
92
91
91
91
91
91
91
90
91
91
92
92
92
93
93
87
94
72
68
56
63
59
83
93
92
92
91
91
91
91
91
91
91
91
93
93
94
95
95
95
88
74
71
61
60
70
70
76
95
94
95
94
93
94
94
94
94
95
95
95
95
95
95
95
95
95
95
95
95
95
95
95
95
95
95
95
95
95
95
95
95
95
95
95
95
88
87
92
86
86
95
95
95
95
95
95
95
95
95
95
95
95
95
95
95
95
95
95
95
95
95
95
95
95
95
95
95
95
95
95
95
95
95
95
95
95
95
95
95
95
95
95
95
95
95
95
95
95
95
95
95
95
95
95
95
95
95
95
95
95
95
95
95
95
95
95
95
95
95
95
95
95
95
95
95
95
95
95
95
95
95
95
95
95
95
95
95
95
95
95
95
95
95
95
93
83
83
71
73
92
92
95
95
95
94
93
93
93
93
93
93
93
95
95
89
64
69
68
57
57
54
52
53
70
70
94
93
93
93
93
93
93
92
92
92
93
94
90
57
57
55
48
58
59
59
56
58
66
76
95
94
94
93
93
93
93
93
93
93
95
95
95
95
95
95
95
95
95
95
95
95
95
95
95
95
95
95
95
95
95
95
95
95
95
95
95
95
95
95
95
95
90
92
89
83
87
95
95
95
95
95
95
95
95
94
94
95
95
95
90
86
77
85
75
67
73
70
81
95
95
95
95
95
95
95
95
95
95
95
95
95
95
81
64
67
75
82
82
87
74
95
95
95
95
95
95
95
95
95
95
95
95
95
95
95
95
95
88
80
78
79
84
79
95
95
95
95
95
95
95
95
95
95
95
95
95
95
95
95
95
95
82
83
79
80
75
74
95
95
95
95
95
95
95
95
95
95
95
95
95
95
95
95
95
95
78
71
67
60
54
55
57
51
55
62
75
84
81
92
94
93
93
93
93
93
93
95
95
90
82
81
75
74
75
70
70
78
88
87
95
95
95
94
94
94
94
93
93
93
95
95
95
90
83
89
90
88
95
94
84
95
95
95
95
95
95
95
95
95
95
95
95
95
95
95
95
95
95
95
95
95
95
95
95
95
95
95
95
95
95
95
95
95
95
95
95
95
95
95
95
95
95
95
95
95
95
95
95
95
95
95
95
95
95
95
95
95
95
95
95
95
95
95
95
95
95
95
95
95
95
95
95
95
95
95
95
95
95
95
95
95
95
95
95
95
95
95
95
95
95
95
95
95
95
95
95
95
95
95
95
95
95
95
95
95
95
95
95
95
95
95
95
95
95
95